,Sentence Deliminators,Stopword Removal,Acronym Expansion,Reference Expansion,Stemming,precision,recall,fscore
0,0,0,0,0,0,3.78205128205128,10.273285742035743,5.368887893971504
1,1,0,0,0,0,4.038461538461536,11.011245698745702,5.737799051366202
2,0,0,0,0,1,4.006410256410254,10.922324203574204,5.6979452782348385
3,1,1,0,0,0,4.262820512820508,11.83693043068043,6.095237567689599
4,0,0,0,1,1,4.807692307692304,13.143592518592524,6.848001844052273
5,1,1,1,0,0,4.61538461538461,12.794462481962485,6.592461050739248
6,0,0,1,1,1,5.0641025641025585,13.75868922743923,7.201268923302895
7,1,1,1,1,0,5.641025641025637,15.147196553446557,7.993489679610686
8,0,1,1,1,1,5.160256410256404,13.937069874569879,7.32692468439916
9,1,1,1,1,1,5.480769230769227,14.86045204795205,7.793527160870056
10,0,1,0,0,0,4.102564102564099,11.311518342768345,5.85364071425064
11,0,0,0,1,0,4.839743589743586,13.135943917193922,6.879141405072137
12,0,0,1,0,0,3.974358974358972,10.824626762126766,5.655858574366045
13,1,0,1,0,0,4.423076923076919,12.142753080253083,6.299778221872208
14,0,0,1,0,1,4.262820512820509,11.620202713952715,6.060766629599747
15,1,0,0,1,0,5.160256410256407,14.054018897768904,7.338062685096656
16,0,1,0,0,1,4.2628205128205074,11.72017218892219,6.081483523615189
17,1,1,0,1,0,5.320512820512817,14.35049325674326,7.550948229503939
18,0,1,0,1,1,5.064102564102559,13.684093684093686,7.192256244524769
19,1,0,0,0,1,4.326923076923073,11.84400668775669,6.159101782451542
20,1,1,0,0,1,4.679487179487174,12.822143134643138,6.673209623504466
21,1,0,0,1,1,5.2884615384615365,14.326090576090582,7.51007837843342
22,1,1,1,0,1,4.839743589743584,13.425949050949052,6.925446562229258
23,1,0,1,1,1,5.480769230769228,14.824012792762797,7.779039290818192
24,0,1,1,0,0,4.455128205128199,12.373008935508938,6.366851639907166
25,0,1,0,1,0,5.064102564102559,13.615984709734713,7.179055391220941
26,0,0,1,1,0,5.128205128205123,13.72701950826951,7.257771339344292
27,1,0,1,1,0,5.416666666666663,14.56760253635254,7.673384965484233
28,1,0,1,0,1,4.519230769230765,12.40202505827506,6.436863962218818
29,0,1,1,0,1,4.551282051282046,12.630772005772009,6.512096643015495
30,0,1,1,1,0,5.320512820512817,14.14769258519259,7.518200841192556
31,1,1,0,1,1,5.416666666666665,14.642596986346993,7.693940695876972
